Month	Location	Pond	Boothiomyces_macroporosum	Lobulomyces_pocularus	Lobulomyces_angularis	Chyridium_rhizophydii	Rhizophydium_obpyriformis	Mickey_mouse	Rhizophydium_coronum	Fayochytriomyces_spinosus	Nowakowskiella_sp	Cladochytrium_replicatum	Entophlyctis_sp	Chytriomyces_hyalinus	Polycentric_sp 	Phlyctochytrium_mucronatum	Orange_sp	Rhizophydium_echinoides	Polychytriales_sp	Rhizophydium_stipitatum	Rhizoclosmatum_globosum	Rhizoclosmatum_aurantiacum	LRC_Single_pore	Odontochytrium_millerii	Powellomycetacase_sp	H												
Sep	Edge	TVP1	1.0000	0.3333	0.0000	0.0000	0.3333	0.3333	0.3333	0.0000	0.3333	0.0000	0.3333	0.6667	0.0000	0.0000	0.0000	0.0000	0.0000	0.3333	0.3333	0.0000	0.0000	0.0000	0.0000	3.20
Sep	Middle	TVP1	1.0000	0.0000	0.0000	0.0000	0.0000	0.0000	0.0000	0.0000	0.0000	0.0000	0.0000	0.6667	0.0000	0.0000	0.0000	0.0000	0.0000	0.3333	0.0000	0.0000	0.0000	0.0000	0.0000	0.63
Sep	Edge	TVP2	1.0000	0.6667	0.0000	0.6667	0.3333	0.3333	0.6667	0.0000	0.0000	0.3333	0.3333	0.6667	0.0000	0.0000	0.0000	0.0000	0.0000	0.0000	0.3333	0.0000	0.0000	0.0000	0.0000	2.90
Sep	Middle	TVP2	1.0000	0.3333	0.3333	0.3333	0.0000	0.6667	0.0000	0.3333	0.3333	0.0000	0.3333	0.3333	0.0000	0.0000	0.0000	0.0000	0.0000	0.0000	0.6667	0.0000	0.0000	0.0000	0.0000	3.10
Oct	Edge	TVP1	1.0000	1.0000	0.0000	0.0000	0.3333	0.0000	0.3333	0.0000	0.0000	0.3333	0.0000	0.6667	0.3333	0.6667	0.3333	0.0000	0.3333	0.6667	0.3333	0.0000	0.0000	0.0000	0.0000	3.37
Oct	Middle	TVP1	1.0000	0.3333	0.3333	0.3333	0.6667	0.0000	0.6667	0.0000	0.3333	0.0000	0.3333	0.3333	0.3333	0.0000	0.3333	0.3333	0.6667	0.6667	0.3333	0.0000	0.3333	0.0000	0.0000	5.10
Oct	Edge	TVP2	1.0000	0.3333	0.3333	0.3333	0.3333	0.3333	0.0000	0.3333	0.0000	0.3333	0.6667	0.6667	0.0000	0.0000	0.3333	0.0000	0.3333	0.0000	0.0000	0.0000	0.0000	0.0000	0.0000	3.83
Oct	Middle	TVP2	1.0000	0.0000	0.0000	0.0000	0.6667	0.3333	0.6667	0.3333	0.0000	0.3333	0.0000	0.6667	0.0000	0.0000	0.0000	0.0000	0.3333	0.0000	0.0000	0.0000	0.0000	0.0000	0.0000	2.27
Nov	Edge	TVP1	1.0000	0.3333	0.0000	0.0000	0.0000	0.0000	0.0000	0.0000	0.0000	0.0000	0.0000	0.6667	0.0000	0.0000	0.0000	0.0000	0.6667	0.0000	0.3333	0.0000	0.0000	0.0000	0.0000	1.27
Nov	Middle	TVP1	1.0000	0.0000	0.0000	0.0000	0.0000	0.3333	0.0000	0.0000	0.0000	0.0000	0.0000	0.3333	0.0000	0.0000	0.0000	0.3333	0.0000	0.0000	0.0000	0.0000	0.0000	0.0000	0.0000	1.10
Nov	Edge	TVP2	1.0000	0.0000	0.0000	0.0000	0.3333	0.6667	0.0000	0.0000	0.0000	0.0000	0.3333	0.3333	0.0000	0.0000	0.3333	0.0000	0.3333	0.0000	0.0000	0.0000	0.0000	0.0000	0.3333	2.46
Nov	Middle	TVP2	1.0000	0.0000	0.0000	0.0000	0.0000	0.3333	0.0000	0.3333	0.0000	0.3333	0.0000	0.6667	0.0000	0.0000	0.0000	0.0000	0.0000	0.0000	0.0000	0.0000	0.0000	0.0000	0.0000	1.37
Jan	Edge	TVP1	1.0000	0.3333	0.0000	0.0000	0.0000	0.0000	0.0000	0.0000	0.0000	0.0000	0.0000	0.6667	0.0000	0.0000	0.0000	0.0000	0.0000	0.0000	0.6667	0.3333	0.6667	0.0000	0.0000	1.54
Jan	Middle	TVP1	1.0000	0.0000	0.0000	0.0000	0.0000	0.0000	0.0000	0.3333	0.3333	0.0000	0.0000	0.6667	0.0000	0.3333	0.0000	0.0000	0.0000	0.0000	0.6667	0.3333	0.6667	0.0000	0.0000	2.27
Jan	Edge	TVP2	1.0000	0.0000	0.0000	0.0000	0.0000	0.0000	0.3333	0.3333	0.0000	0.0000	0.3333	0.6667	0.0000	0.0000	0.3333	0.3333	0.0000	0.0000	0.3333	0.0000	0.6667	0.0000	0.0000	2.73
Jan	Middle	TVP2	0.6667	0.3333	0.0000	0.0000	0.0000	0.0000	0.0000	0.0000	0.0000	0.0000	0.3333	0.3333	0.0000	0.0000	0.0000	0.0000	0.0000	0.3333	0.6667	0.3333	1.0000	0.0000	0.0000	2.37
Feb	Edge	TVP1	1.0000	0.3333	0.0000	0.0000	0.3333	0.3333	0.0000	0.0000	0.0000	0.0000	0.3333	0.3333	0.0000	0.0000	0.3333	0.3333	0.0000	0.0000	0.6667	0.0000	0.3333	0.0000	0.3333	3.56
Feb	Middle	TVP1	1.0000	0.0000	0.0000	0.0000	0.0000	0.0000	0.0000	0.0000	0.0000	0.0000	0.3333	0.6667	0.0000	0.0000	0.0000	0.0000	0.0000	0.0000	0.0000	0.0000	0.3333	0.0000	0.0000	1.00
Feb	Edge	TVP2	1.0000	0.0000	0.0000	0.0000	0.0000	0.3333	0.3333	0.0000	0.0000	0.0000	0.0000	0.6667	0.0000	0.0000	0.0000	0.6667	0.0000	0.0000	0.3333	0.0000	0.6667	0.0000	0.0000	1.90
Feb	Middle	TVP2	1.0000	0.0000	0.0000	0.0000	0.0000	0.0000	0.0000	0.0000	0.0000	0.0000	0.3333	0.6667	0.0000	0.0000	0.0000	0.3333	0.3333	0.3333	0.6667	0.0000	1.0000	0.0000	0.0000	2.00
Mar	Edge	TVP1	0.3333	0.3333	0.0000	0.0000	0.0000	0.0000	0.3333	0.0000	0.0000	0.0000	0.0000	1.0000	0.0000	0.0000	0.0000	0.3333	0.3333	0.6667	0.3333	0.3333	0.3333	0.0000	0.0000	3.20
Mar	Middle	TVP1	0.3333	0.3333	0.3333	0.0000	0.0000	0.0000	0.0000	0.0000	0.0000	0.0000	0.0000	0.6667	0.0000	0.0000	0.3333	0.6667	0.0000	0.6667	0.6667	0.6667	0.3333	0.3333	0.0000	3.54
Mar	Edge	TVP2	0.6667	0.0000	0.0000	0.0000	0.0000	0.6667	0.0000	0.0000	0.0000	0.0000	0.3333	0.6667	0.0000	0.0000	0.0000	0.6667	0.3333	0.3333	0.0000	0.0000	0.6667	0.0000	0.0000	2.44
Mar	Middle	TVP2	1.0000	0.0000	0.0000	0.0000	0.0000	0.3333	0.0000	0.0000	0.0000	0.0000	0.3333	1.0000	0.0000	0.0000	0.0000	0.0000	0.3333	0.0000	0.3333	0.0000	0.6667	0.0000	0.0000	1.73
